[{"id": 0, "img_name": "0000.jpg", "width": 234, "height": 175, "position": [-4.287264922459272, -3.841328700251404, -1.443692816477034], "rotation": [[-0.685645820763906, -0.4056493479567319, 0.604432308014113], [0.6877562522074716, -0.6330421379987795, 0.35531533750665245], [0.23849768556219142, 0.6593225750876516, 0.7130305715474381]], "fy": 277.3199381685127, "fx": 208.0975967690088}, {"id": 1, "img_name": "0008.jpg", "width": 234, "height": 175, "position": [-4.317787092238836, -3.763572133673071, -1.367741608219152], "rotation": [[-0.6636609577692557, -0.4117201625736075, 0.6245323377241213], [0.7038869453885502, -0.6262978084090695, 0.3351033024211675], [0.2531744482454142, 0.661995138133475, 0.705453850966363]], "fy": 277.3199381685127, "fx": 208.0975967690088}, {"id": 2, "img_name": "0016.jpg", "width": 234, "height": 175, "position": [-4.382297528453726, -3.651817246062344, -1.3334315931385892], "rotation": [[-0.6425442076227339, -0.41999518033313366, 0.6408907783292027], [0.7194336833811862, -0.6185452014017186, 0.3159382994185508], [0.26372735251970336, 0.6640827375559805, 0.6996013159029241]], "fy": 277.3199381685127, "fx": 208.0975967690088}, {"id": 3, "img_name": "0024.jpg", "width": 234, "height": 175, "position": [-4.447459817498424, -3.496308347196628, -1.3804593301779866], "rotation": [[-0.6192772088081635, -0.4342821552413907, 0.6541366434390166], [0.7344930350849984, -0.6148775693129707, 0.2871333421381096], [0.277517062650926, 0.6582739432748844, 0.6997568831693876]], "fy": 277.3199381685127, "fx": 208.0975967690088}, {"id": 4, "img_name": "0032.jpg", "width": 234, "height": 175, "position": [-4.545668532887744, -3.3142262850715833, -1.372021901326288], "rotation": [[-0.5878739576692876, -0.4502470446785729, 0.6720727703548625], [0.752358773775716, -0.6095890790803928, 0.24971469758229997], [0.29725491655639474, 0.6524406129481285, 0.6971088589014781]], "fy": 277.3199381685127, "fx": 208.0975967690088}, {"id": 5, "img_name": "0040.jpg", "width": 234, "height": 175, "position": [-4.665997707440453, -3.0786445831837677, -1.2879353506103017], "rotation": [[-0.5461348797978851, -0.47045178067867083, 0.6931174612750832], [0.7751877454689281, -0.5974457423768603, 0.20528649295694412], [0.3175226800449833, 0.649410276306149, 0.6909744139148872]], "fy": 277.3199381685127, "fx": 208.0975967690088}, {"id": 6, "img_name": "0048.jpg", "width": 234, "height": 175, "position": [-4.828009024067258, -2.659308540058468, -1.3011314479530298], "rotation": [[-0.4992702948713753, -0.4965859287365492, 0.7100222447500557], [0.7987519412044062, -0.5813298293919441, 0.1550837382878214], [0.33574470819544167, 0.6445603500371329, 0.6868896898911546]], "fy": 277.3199381685127, "fx": 208.0975967690088}, {"id": 7, "img_name": "0056.jpg", "width": 234, "height": 175, "position": [-5.093783189422583, -2.1861570458012003, -1.2445485021880365], "rotation": [[-0.43968863041174067, -0.523614361499298, 0.7297272837973992], [0.8259328043450843, -0.5549237643850361, 0.09947169661469517], [0.3528582023891649, 0.6464422759631545, 0.6764639479338599]], "fy": 277.3199381685127, "fx": 208.0975967690088}, {"id": 8, "img_name": "0064.jpg", "width": 234, "height": 175, "position": [-5.417005483827041, -1.682091197166601, -1.196547003186571], "rotation": [[-0.3677979187761983, -0.5524163483939959, 0.7480380130521043], [0.8525747729632542, -0.5214927835785073, 0.03408127318917339], [0.37126937316529646, 0.6502933604940027, 0.6627802032701829]], "fy": 277.3199381685127, "fx": 208.0975967690088}, {"id": 9, "img_name": "0072.jpg", "width": 234, "height": 175, "position": [-5.710881799813215, -1.2020287577112863, -1.061502920081277], "rotation": [[-0.28360405634618935, -0.5811288046248808, 0.7627962058500579], [0.876624928100978, -0.4795568267553939, -0.03942062079992823], [0.3887125861815414, 0.6575063211464615, 0.6454362578880305]], "fy": 277.3199381685127, "fx": 208.0975967690088}, {"id": 10, "img_name": "0080.jpg", "width": 234, "height": 175, "position": [-5.7555072543952726, -0.7487458154375356, -0.9477125987630485], "rotation": [[-0.19498133118366845, -0.6105936351077949, 0.7675660839665163], [0.8979820640161571, -0.425885473632192, -0.11067870641801635], [0.3944749588948918, 0.6676802948379801, 0.6313418493098181]], "fy": 277.3199381685127, "fx": 208.0975967690088}, {"id": 11, "img_name": "0088.jpg", "width": 234, "height": 175, "position": [-5.6730281182367355, -0.2723258664400357, -0.7891128580657217], "rotation": [[-0.08935565258072214, -0.6390584219213747, 0.7639501951850235], [0.9135917150591758, -0.3580824423710234, -0.19268404874518408], [0.39669351586219187, 0.6807211601213558, 0.6158351700219209]], "fy": 277.3199381685127, "fx": 208.0975967690088}, {"id": 12, "img_name": "0096.jpg", "width": 234, "height": 175, "position": [-5.575697299207163, 0.2990459908783108, -0.7449739240739609], "rotation": [[0.019939890014272155, -0.6544910572814624, 0.7558067588509725], [0.922035745406727, -0.2802664019472572, -0.2670221491408532], [0.3865908495793456, 0.7022052405658422, 0.5978756686330259]], "fy": 277.3199381685127, "fx": 208.0975967690088}, {"id": 13, "img_name": "0104.jpg", "width": 234, "height": 175, "position": [-5.480543370109733, 0.8919428877072516, -0.7216704524160737], "rotation": [[0.15301342449390667, -0.654014347290254, 0.7408455476434685], [0.9151716584501689, -0.18909809009545245, -0.35595329453710617], [0.3728910397076003, 0.7324664810493076, 0.5696008485290637]], "fy": 277.3199381685127, "fx": 208.0975967690088}, {"id": 14, "img_name": "0112.jpg", "width": 234, "height": 175, "position": [-5.416002513041884, 1.4031600526001355, -0.6968210445420563], "rotation": [[0.28577106527413204, -0.6430341045196232, 0.7105223702859285], [0.8953111194074299, -0.08521554411051892, -0.43721426155531856], [0.34169123154904363, 0.7610817639824213, 0.5513634471162405]], "fy": 277.3199381685127, "fx": 208.0975967690088}, {"id": 15, "img_name": "0120.jpg", "width": 234, "height": 175, "position": [-5.23817580557399, 1.7877897908907976, -0.6765510001116374], "rotation": [[0.4133468140681109, -0.6159772971129672, 0.6706089626161773], [0.8629660309055432, 0.02998185052911274, -0.5043716071925367], [0.29057536165834075, 0.7871931516980142, 0.5439603856135772]], "fy": 277.3199381685127, "fx": 208.0975967690088}, {"id": 16, "img_name": "0128.jpg", "width": 234, "height": 175, "position": [-4.873215403928309, 2.1521457442355367, -0.6763908373952936], "rotation": [[0.5194024667119279, -0.5764513601872652, 0.6308128937425236], [0.8225588884330041, 0.13723839704708438, -0.5518718125034177], [0.2315555065927498, 0.805524333409115, 0.5454471520251767]], "fy": 277.3199381685127, "fx": 208.0975967690088}, {"id": 17, "img_name": "0136.jpg", "width": 234, "height": 175, "position": [-4.562435837352913, 2.4217956690696334, -0.639186443492935], "rotation": [[0.5991784017071888, -0.527586973723379, 0.602193679878015], [0.7788072274465483, 0.20972863930019128, -0.5911625836724703], [0.18559241742226146, 0.8232046422455941, 0.5365534191305319]], "fy": 277.3199381685127, "fx": 208.0975967690088}, {"id": 18, "img_name": "0144.jpg", "width": 234, "height": 175, "position": [-4.198419084835117, 2.623956712474191, -0.4788737968675375], "rotation": [[0.6506030740576147, -0.48076187073141985, 0.587863643779412], [0.7404979663716649, 0.2298982284751031, -0.6315137103368681], [0.1684589024842869, 0.8461765939771878, 0.5055756817519557]], "fy": 277.3199381685127, "fx": 208.0975967690088}, {"id": 19, "img_name": "0152.jpg", "width": 234, "height": 175, "position": [-3.9133627646099645, 2.8287248754590233, -0.048131468776557995], "rotation": [[0.6820269881147601, -0.43461034039436836, 0.5881777278216171], [0.7094221296460582, 0.1978060695532381, -0.6764562076116611], [0.17764973811283924, 0.8786276861505052, 0.4432312710969848]], "fy": 277.3199381685127, "fx": 208.0975967690088}, {"id": 20, "img_name": "0160.jpg", "width": 234, "height": 175, "position": [-3.7846679912124923, 2.988234118579869, 0.3923411247927681], "rotation": [[0.7104827201781846, -0.4031231813731259, 0.5768067310354632], [0.674478834301414, 0.1562885950933895, -0.7215623168674621], [0.20073018310063195, 0.9017014892320763, 0.3829383996272017]], "fy": 277.3199381685127, "fx": 208.0975967690088}, {"id": 21, "img_name": "0168.jpg", "width": 234, "height": 175, "position": [-3.765063295448884, 3.0093952104530035, 0.7567472575058882], "rotation": [[0.7555720468402376, -0.3900018140157775, 0.5263168884788485], [0.6146325481810223, 0.1441691456877806, -0.7755269744813258], [0.22657827069283817, 0.9094579938051335, 0.34863798524226336]], "fy": 277.3199381685127, "fx": 208.0975967690088}, {"id": 22, "img_name": "0176.jpg", "width": 234, "height": 175, "position": [-3.737091574967411, 2.9894537753156656, 1.1569659579728617], "rotation": [[0.779280028258831, -0.35939221439843766, 0.5133808272488399], [0.5798713915967103, 0.10288218421245639, -0.808185885412118], [0.23763797416366458, 0.9274979743381985, 0.28857529491265854]], "fy": 277.3199381685127, "fx": 208.0975967690088}, {"id": 23, "img_name": "0184.jpg", "width": 234, "height": 175, "position": [-3.61210946220128, 2.8178815117080953, 1.581954939653195], "rotation": [[0.792060724146414, -0.32938005302523504, 0.5139538791893212], [0.5598051150090454, 0.056181155138280224, -0.8267175521404135], [0.24342974854024593, 0.94252451346181, 0.22888752488768552]], "fy": 277.3199381685127, "fx": 208.0975967690088}, {"id": 24, "img_name": "0192.jpg", "width": 234, "height": 175, "position": [-3.3762369093691476, 2.5890109777588317, 1.9636408994982313], "rotation": [[0.7991083456669702, -0.31542435626806253, 0.5117942236468447], [0.5475132220106969, 0.030225864992755824, -0.8362509604233079], [0.24830449776204921, 0.9484692259416316, 0.1968527465716912]], "fy": 277.3199381685127, "fx": 208.0975967690088}, {"id": 25, "img_name": "0200.jpg", "width": 234, "height": 175, "position": [-3.2068656912634035, 2.4174339234779065, 2.406060076081158], "rotation": [[0.8067476823027546, -0.3071165141284148, 0.5048144449683912], [0.5326110380988404, 0.007967099545073797, -0.8463226378988771], [0.2558977514446136, 0.9516385721871772, 0.1700010844998959]], "fy": 277.3199381685127, "fx": 208.0975967690088}, {"id": 26, "img_name": "0208.jpg", "width": 234, "height": 175, "position": [-3.099181292979236, 2.221657421704376, 2.747819382798564], "rotation": [[0.8157915678912603, -0.294729604976245, 0.497612879363131], [0.5149570790669327, -0.021477816643559685, -0.8569468537261098], [0.26325524586676746, 0.9553392922636292, 0.1342516747785875]], "fy": 277.3199381685127, "fx": 208.0975967690088}, {"id": 27, "img_name": "0216.jpg", "width": 234, "height": 175, "position": [-3.0348073344789372, 2.210481555906864, 2.8794199730845973], "rotation": [[0.8344395585408968, -0.2722311752166774, 0.47916678764519977], [0.4831142708667251, -0.05700382922951515, -0.873699699403682], [0.2651626376905046, 0.9605419047044843, 0.08395251562457952]], "fy": 277.3199381685127, "fx": 208.0975967690088}, {"id": 28, "img_name": "0224.jpg", "width": 234, "height": 175, "position": [-2.935404863820898, 2.310648503760513, 2.9344372954137907], "rotation": [[0.865954498470457, -0.24989299308484034, 0.4332162261341087], [0.42950968056066013, -0.07216751411011679, -0.9001740299585662], [0.25621132075585373, 0.965580313549456, 0.0448376761471312]], "fy": 277.3199381685127, "fx": 208.0975967690088}, {"id": 29, "img_name": "0232.jpg", "width": 234, "height": 175, "position": [-2.797808796380783, 2.4578785622061434, 2.9713904705860794], "rotation": [[0.8905901523937331, -0.22120302078355372, 0.39738948659411966], [0.3932996712912591, -0.0642085671874146, -0.9171655403807573], [0.22839559764035475, 0.9731117528300485, 0.029815557726382464]], "fy": 277.3199381685127, "fx": 208.0975967690088}, {"id": 30, "img_name": "0240.jpg", "width": 234, "height": 175, "position": [-2.5877043225819656, 2.6061476715985723, 2.928799426309111], "rotation": [[0.9237231521227004, -0.17232387691812978, 0.3421111218250699], [0.34050182210716917, -0.039755383433609175, -0.9394030118270565], [0.17548232781166395, 0.9842377715430107, 0.021953625984054703]], "fy": 277.3199381685127, "fx": 208.0975967690088}, {"id": 31, "img_name": "0248.jpg", "width": 234, "height": 175, "position": [-2.1915327550086974, 2.7556253419847945, 2.845084286762481], "rotation": [[0.9580459763198472, -0.10862884595612339, 0.265231372736318], [0.26653696437969354, -0.002586428666954975, -0.9638212266836669], [0.10538478958848298, 0.9940790130633437, 0.02647568526779996]], "fy": 277.3199381685127, "fx": 208.0975967690088}, {"id": 32, "img_name": "0256.jpg", "width": 234, "height": 175, "position": [-1.6640485306823458, 2.9147889892570102, 2.66786795095755], "rotation": [[0.9813007658396116, -0.036349116345411055, 0.18901732381847808], [0.19063650972743162, 0.047928659629160895, -0.9804899615728325], [0.026580596711407826, 0.9981891530802465, 0.05396189907152717]], "fy": 277.3199381685127, "fx": 208.0975967690088}, {"id": 33, "img_name": "0264.jpg", "width": 234, "height": 175, "position": [-1.123387570446192, 3.0411885625351647, 2.453214747673218], "rotation": [[0.9923647148542907, 0.05233222585552692, 0.11168532065212854], [0.10754567757607339, 0.07617852238992806, -0.991277337560579], [-0.060383772214610075, 0.9957199259146585, 0.06996877296080542]], "fy": 277.3199381685127, "fx": 208.0975967690088}, {"id": 34, "img_name": "0272.jpg", "width": 234, "height": 175, "position": [-0.5023585156659542, 3.056780851249904, 2.2429447880828692], "rotation": [[0.9901130644409744, 0.13614225619028886, 0.033784696279837184], [0.02048974509857952, 0.09789845981646232, -0.9949854581406503], [-0.1387670348789594, 0.9858403408488529, 0.09414102392644455]], "fy": 277.3199381685127, "fx": 208.0975967690088}, {"id": 35, "img_name": "0280.jpg", "width": 234, "height": 175, "position": [0.06892668655334859, 3.0615632869124596, 2.1478610691629885], "rotation": [[0.9741062160171545, 0.21774372591606508, -0.060866655411074055], [-0.0867082494033481, 0.11115948160154368, -0.9900127520064996], [-0.20880315946399777, 0.9696552168035117, 0.12716131929005264]], "fy": 277.3199381685127, "fx": 208.0975967690088}, {"id": 36, "img_name": "0288.jpg", "width": 234, "height": 175, "position": [0.47368882422435665, 2.9976383009712326, 2.1420466704601107], "rotation": [[0.9445365208257441, 0.2929462789898515, -0.14843597425286992], [-0.1882397518950769, 0.11257265887707939, -0.9756501382564474], [-0.2691032453035051, 0.9494787380975652, 0.16147312243149553]], "fy": 277.3199381685127, "fx": 208.0975967690088}, {"id": 37, "img_name": "0296.jpg", "width": 234, "height": 175, "position": [0.9369892848684489, 2.8126779619665516, 2.1238282818512055], "rotation": [[0.9038159257650082, 0.3639660874319622, -0.22504546103623266], [-0.27746043220724154, 0.09806670599522732, -0.9557189072811191], [-0.32577980430485853, 0.9262351798407977, 0.18962043859345212]], "fy": 277.3199381685127, "fx": 208.0975967690088}, {"id": 38, "img_name": "0304.jpg", "width": 234, "height": 175, "position": [1.3749812664545502, 2.6616795641144972, 2.0643936337433115], "rotation": [[0.8505149685794594, 0.4197189861460969, -0.3169546669332601], [-0.37745016607353415, 0.06741745412960681, -0.9235725521093313], [-0.36627265848455404, 0.9051468718098596, 0.21576255490580937]], "fy": 277.3199381685127, "fx": 208.0975967690088}, {"id": 39, "img_name": "0312.jpg", "width": 234, "height": 175, "position": [1.8262619356980456, 2.496986602404413, 2.006204497990722], "rotation": [[0.7921295606267144, 0.4588758403038441, -0.40244716717448703], [-0.45941373984355, 0.014160803765107293, -0.8881095018519332], [-0.401833018583953, 0.8883875476514554, 0.22203105718241622]], "fy": 277.3199381685127, "fx": 208.0975967690088}, {"id": 40, "img_name": "0320.jpg", "width": 234, "height": 175, "position": [2.309269705100915, 2.3323994518438793, 1.962482323129447], "rotation": [[0.7282118053971918, 0.4858620205218055, -0.4833690758567735], [-0.5330517952357214, -0.041774734739501725, -0.8450506819909789], [-0.43077064672066145, 0.8730366364316635, 0.228568767271362]], "fy": 277.3199381685127, "fx": 208.0975967690088}, {"id": 41, "img_name": "0328.jpg", "width": 234, "height": 175, "position": [2.61634624233927, 2.0981350971779427, 2.0566506916619804], "rotation": [[0.6658991416816827, 0.5008900651895014, -0.5528901117781502], [-0.592788548654404, -0.09472436701415189, -0.7997681106908261], [-0.45296806696698116, 0.8603118253797427, 0.23384502008803]], "fy": 277.3199381685127, "fx": 208.0975967690088}, {"id": 42, "img_name": "0336.jpg", "width": 234, "height": 175, "position": [2.8727704176000755, 1.7015831694603034, 2.104329644107279], "rotation": [[0.5979263176981107, 0.5022339976163992, -0.6246960302757085], [-0.6509051208099922, -0.15058198118992036, -0.7440749899333051], [-0.46776772260098054, 0.8515198638782122, 0.23686975136881244]], "fy": 277.3199381685127, "fx": 208.0975967690088}, {"id": 43, "img_name": "0344.jpg", "width": 234, "height": 175, "position": [3.1587750755706967, 1.244845185899281, 2.0392586383900015], "rotation": [[0.5207458623100226, 0.49534677874009747, -0.6953095107064188], [-0.7071034317078901, -0.2061008862512513, -0.6764075410234375], [-0.47836020293698717, 0.8438921693428949, 0.2429352233988044]], "fy": 277.3199381685127, "fx": 208.0975967690088}, {"id": 44, "img_name": "0352.jpg", "width": 234, "height": 175, "position": [3.3318834165157574, 0.8564295736841128, 1.9883981611995942], "rotation": [[0.4395402101812616, 0.4811148267653953, -0.7585070382668283], [-0.7533903137933473, -0.2623412100327358, -0.6029760564076497], [-0.4890883751595143, 0.8364840781419949, 0.2471577397104181]], "fy": 277.3199381685127, "fx": 208.0975967690088}, {"id": 45, "img_name": "0360.jpg", "width": 234, "height": 175, "position": [3.4518367213396175, 0.573880716867356, 1.882482991459109], "rotation": [[0.3325278589115973, 0.44605012929168075, -0.830941938529127], [-0.7989144784229611, -0.3349761182686262, -0.49952643208928477], [-0.501159534693132, 0.829958000352161, 0.24496701499917353]], "fy": 277.3199381685127, "fx": 208.0975967690088}, {"id": 46, "img_name": "0368.jpg", "width": 234, "height": 175, "position": [3.5750232745503197, 0.3581490941468009, 1.7687453875507197], "rotation": [[0.23338427932569553, 0.4240472698355784, -0.8750518219560587], [-0.8168270639883748, -0.4027458993546624, -0.41302456112092834], [-0.5275654705339964, 0.811159450107065, 0.2523787249398147]], "fy": 277.3199381685127, "fx": 208.0975967690088}, {"id": 47, "img_name": "0376.jpg", "width": 234, "height": 175, "position": [3.7287807104848154, 0.1730030315016016, 1.597299119066185], "rotation": [[0.15230490211319203, 0.4201000809449815, -0.8946055772139535], [-0.8217013302462308, -0.4491525621010635, -0.35081177264969937], [-0.5491904411621394, 0.7885289455359706, 0.276788658344349]], "fy": 277.3199381685127, "fx": 208.0975967690088}, {"id": 48, "img_name": "0384.jpg", "width": 234, "height": 175, "position": [3.7928928068794567, -0.07271066803008908, 1.471532668848999], "rotation": [[0.07982684691641409, 0.42327927675594545, -0.9024756663646655], [-0.8276091505860032, -0.47648720430194796, -0.29668676748858946], [-0.5555994675822664, 0.7705806888350354, 0.31227333158120396]], "fy": 277.3199381685127, "fx": 208.0975967690088}, {"id": 49, "img_name": "0392.jpg", "width": 234, "height": 175, "position": [3.8182550144760383, -0.36106589293017155, 1.4284963147722676], "rotation": [[0.01909408253713174, 0.4180178998843818, -0.9082381028058204], [-0.8339444434545888, -0.49443363765241943, -0.24509598770484178], [-0.5515179790752802, 0.7621000021874076, 0.33916294818666737]], "fy": 277.3199381685127, "fx": 208.0975967690088}, {"id": 50, "img_name": "0400.jpg", "width": 234, "height": 175, "position": [3.8434433011312725, -0.6200296656811243, 1.455169725603237], "rotation": [[-0.05526160745628551, 0.3935716011732921, -0.9176314889383634], [-0.8449952627115743, -0.5080277299789451, -0.16700548364480985], [-0.5319108578853645, 0.7661652695876591, 0.3606405675202457]], "fy": 277.3199381685127, "fx": 208.0975967690088}, {"id": 51, "img_name": "0408.jpg", "width": 234, "height": 175, "position": [3.850751463605241, -0.8889881167431668, 1.4865396778403441], "rotation": [[-0.11590815256606897, 0.3453679334454529, -0.9312820682888389], [-0.844262587809952, -0.5281818729642361, -0.09079973511213388], [-0.5232456239598791, 0.775722179404204, 0.3528018103514047]], "fy": 277.3199381685127, "fx": 208.0975967690088}, {"id": 52, "img_name": "0416.jpg", "width": 234, "height": 175, "position": [4.008960179962881, -1.0816852307450242, 1.4080181948460502], "rotation": [[-0.18052607093068787, 0.3100147502946166, -0.9334351569949003], [-0.8360183056295766, -0.5483212999742332, -0.020424119242165105], [-0.5181541569519437, 0.7766817923669466, 0.3581642961534375]], "fy": 277.3199381685127, "fx": 208.0975967690088}, {"id": 53, "img_name": "0424.jpg", "width": 234, "height": 175, "position": [4.250441151351045, -1.3217811758371192, 1.38347203870751], "rotation": [[-0.23900339438216625, 0.2872100167711663, -0.9275709049663584], [-0.8215145432640175, -0.5690834171713689, 0.035467160955880546], [-0.5176786963740303, 0.7704897601959835, 0.3719600741391751]], "fy": 277.3199381685127, "fx": 208.0975967690088}, {"id": 54, "img_name": "0432.jpg", "width": 234, "height": 175, "position": [4.408605594710111, -1.5619224671610104, 1.306833929208491], "rotation": [[-0.3017106931506852, 0.27534502752169737, -0.9127736704449844], [-0.7981211381562704, -0.5966360807923217, 0.08383338192461029], [-0.5215106005314488, 0.7537973885042675, 0.39977017224584654]], "fy": 277.3199381685127, "fx": 208.0975967690088}, {"id": 55, "img_name": "0440.jpg", "width": 234, "height": 175, "position": [4.496702440067199, -1.7013110373891334, 1.04713345188932], "rotation": [[-0.3479348850728517, 0.2760726211472601, -0.8959493420959818], [-0.7674584427943792, -0.6327605449667644, 0.10306129883224675], [-0.5384689910598082, 0.7234625080722876, 0.4320337314154852]], "fy": 277.3199381685127, "fx": 208.0975967690088}, {"id": 56, "img_name": "0448.jpg", "width": 234, "height": 175, "position": [4.483792330307393, -1.8173713367935698, 0.7020125861661876], "rotation": [[-0.39652521958924347, 0.28608646050091247, -0.872308596396804], [-0.7264013898504369, -0.6787989217055657, 0.10757808659162557], [-0.5613455006081872, 0.6763036012098572, 0.4769744940114959]], "fy": 277.3199381685127, "fx": 208.0975967690088}, {"id": 57, "img_name": "0456.jpg", "width": 234, "height": 175, "position": [4.392438425083625, -1.9126548233266034, 0.3630083194166325], "rotation": [[-0.4450496591985809, 0.29077272194723386, -0.8469840760124262], [-0.6759771527535499, -0.7294360528124036, 0.10477563558701872], [-0.5873548244480763, 0.6191722450407936, 0.5211909833916093]], "fy": 277.3199381685127, "fx": 208.0975967690088}, {"id": 58, "img_name": "0464.jpg", "width": 234, "height": 175, "position": [4.175372904075167, -1.9776405313096577, -0.02308986728696396], "rotation": [[-0.49460799911269837, 0.28519919548819583, -0.8209898574931471], [-0.6166144024606566, -0.7808598399824657, 0.10022269693360235], [-0.6124945762142058, 0.555805118000404, 0.5620774545494037]], "fy": 277.3199381685127, "fx": 208.0975967690088}, {"id": 59, "img_name": "0472.jpg", "width": 234, "height": 175, "position": [4.036699371338064, -2.027414721345012, -0.38606167077774267], "rotation": [[-0.5541556214729849, 0.2676101437424318, -0.7882235458015983], [-0.5470751358269846, -0.8307768528169336, 0.10256030705627228], [-0.6273916981836591, 0.4880518740766655, 0.6067825189147087]], "fy": 277.3199381685127, "fx": 208.0975967690088}, {"id": 60, "img_name": "0480.jpg", "width": 234, "height": 175, "position": [3.902518134453488, -2.025390756981898, -0.6427806845967954], "rotation": [[-0.6199679356895466, 0.24387380410582962, -0.7457649270298204], [-0.4706061747484883, -0.8761062621392849, 0.10472652829596639], [-0.6278292658083384, 0.41588866913067246, 0.6579263088547841]], "fy": 277.3199381685127, "fx": 208.0975967690088}, {"id": 61, "img_name": "0488.jpg", "width": 234, "height": 175, "position": [3.797771033143884, -2.1178818815814933, -0.9275132089963006], "rotation": [[-0.6709091912564442, 0.2010302744828648, -0.7137700510871599], [-0.38820068009854153, -0.9153315456905, 0.10709058518314607], [-0.6318077943952992, 0.34893407716241026, 0.6921444363253701]], "fy": 277.3199381685127, "fx": 208.0975967690088}, {"id": 62, "img_name": "0496.jpg", "width": 234, "height": 175, "position": [3.646342707006694, -2.1722998461136203, -1.117976133042571], "rotation": [[-0.7296059954386722, 0.1408742381988336, -0.6692006727670279], [-0.2983221902793399, -0.9461005938982643, 0.12608543536939212], [-0.6153689642863717, 0.2916301000192713, 0.7323065768896714]], "fy": 277.3199381685127, "fx": 208.0975967690088}, {"id": 63, "img_name": "0504.jpg", "width": 234, "height": 175, "position": [3.346742530940115, -2.148608046071974, -1.3273914108216678], "rotation": [[-0.77451881247629, 0.06997044134851313, -0.6286690277545185], [-0.20498834538404606, -0.9679929550637314, 0.1448082083436404], [-0.5984148956844475, 0.24102650535673129, 0.7640718790391995]], "fy": 277.3199381685127, "fx": 208.0975967690088}, {"id": 64, "img_name": "0512.jpg", "width": 234, "height": 175, "position": [2.8754513331175455, -2.3087649233863545, -1.4658024248467834], "rotation": [[-0.8296770951045119, -0.01106702332463022, -0.5581338897197248], [-0.11179028458650334, -0.9762577567317973, 0.18553631637247478], [-0.5469358738746313, 0.21632917837344676, 0.8087415139914997]], "fy": 277.3199381685127, "fx": 208.0975967690088}, {"id": 65, "img_name": "0520.jpg", "width": 234, "height": 175, "position": [2.5351143353500714, -2.616275426654481, -1.5512784098007344], "rotation": [[-0.8696226906004607, -0.10210824070843762, -0.48304273431265177], [-0.026016254901123203, -0.9675434885484461, 0.2513617955227532], [-0.49303096299698573, 0.23115688384067293, 0.83874129776668]], "fy": 277.3199381685127, "fx": 208.0975967690088}, {"id": 66, "img_name": "0528.jpg", "width": 234, "height": 175, "position": [2.2141142954621804, -2.957021766279057, -1.5931573466764408], "rotation": [[-0.8977540926717069, -0.20190291193983914, -0.39150070656566227], [0.055158645254232065, -0.9333012036180229, 0.3548329003613761], [-0.43702987649005987, 0.29695803992376096, 0.8490116663389974]], "fy": 277.3199381685127, "fx": 208.0975967690088}, {"id": 67, "img_name": "0536.jpg", "width": 234, "height": 175, "position": [1.749394882970926, -3.594508314693574, -1.5458231616889273], "rotation": [[-0.9123711261852162, -0.29226031054407214, -0.286640609447097], [0.13479732695718177, -0.8756474370102582, 0.4637577457062737], [-0.3865340977827433, 0.3844807887763038, 0.8383113468832639]], "fy": 277.3199381685127, "fx": 208.0975967690088}, {"id": 68, "img_name": "0544.jpg", "width": 234, "height": 175, "position": [1.2816932848092735, -4.006306965336406, -1.3368052891707882], "rotation": [[-0.9209563835623897, -0.3425043290060225, -0.18582283010388773], [0.1910829498421801, -0.8125602356627889, 0.55066611453697], [-0.3395977706865799, 0.47163189887004764, 0.8137792735827929]], "fy": 277.3199381685127, "fx": 208.0975967690088}, {"id": 69, "img_name": "0552.jpg", "width": 234, "height": 175, "position": [0.9177804920245121, -4.325236751333826, -0.9726199380986574], "rotation": [[-0.9259306778185948, -0.3523720905320226, -0.13596429563855866], [0.2024304371457856, -0.7669100159007053, 0.6089917451231552], [-0.3188640744758862, 0.5363608275454798, 0.7814363471731812]], "fy": 277.3199381685127, "fx": 208.0975967690088}, {"id": 70, "img_name": "0560.jpg", "width": 234, "height": 175, "position": [0.7381879989540967, -4.50134711368761, -0.7786391987746064], "rotation": [[-0.9318576193409892, -0.3502511008305092, -0.09468655471163959], [0.2023163525053722, -0.7182434807660979, 0.6657284700581172], [-0.30118013012990386, 0.601207508855317, 0.7401621852749021]], "fy": 277.3199381685127, "fx": 208.0975967690088}, {"id": 71, "img_name": "0568.jpg", "width": 234, "height": 175, "position": [0.6873006119168674, -4.473751420055397, -0.758720318024958], "rotation": [[-0.9369375027328377, -0.34185696179522385, -0.07267691273638424], [0.19782247938549172, -0.6901628702837512, 0.6960901372174946], [-0.28812216614229785, 0.6378158277699234, 0.7142664679401083]], "fy": 277.3199381685127, "fx": 208.0975967690088}, {"id": 72, "img_name": "0576.jpg", "width": 234, "height": 175, "position": [0.6496608444907235, -4.484416419161099, -0.8472888000089686], "rotation": [[-0.9403158254031315, -0.3329869886163088, -0.07018414285769325], [0.19345532198241855, -0.6927314891520328, 0.6947647964123438], [-0.27996640315063814, 0.6397208370449168, 0.7158044871034587]], "fy": 277.3199381685127, "fx": 208.0975967690088}, {"id": 73, "img_name": "0584.jpg", "width": 234, "height": 175, "position": [0.6745463795040192, -4.239183800458481, -1.1272110857810578], "rotation": [[-0.9481861190128728, -0.30477312352942726, -0.08975760071115195], [0.17757985873397358, -0.7426402634435071, 0.6457173010571885], [-0.26345488699837794, 0.5963210396142955, 0.7582827574394644]], "fy": 277.3199381685127, "fx": 208.0975967690088}, {"id": 74, "img_name": "0592.jpg", "width": 234, "height": 175, "position": [0.6614173236028432, -3.67044636826696, -1.3743335172015023], "rotation": [[-0.9626489298690818, -0.23277342536572176, -0.13828799754649942], [0.13012940270101428, -0.8456637625355727, 0.5176090602828122], [-0.23743078228104528, 0.4802804734503449, 0.8443679828414405]], "fy": 277.3199381685127, "fx": 208.0975967690088}, {"id": 75, "img_name": "0600.jpg", "width": 234, "height": 175, "position": [0.628028108867316, -2.866702462932466, -1.6362947729447022], "rotation": [[-0.9733071523973665, -0.1362177577919138, -0.18471033959763236], [0.05868752415723593, -0.9257781368675214, 0.37348442511889873], [-0.22187600501276164, 0.35267486976001555, 0.9090607650973245]], "fy": 277.3199381685127, "fx": 208.0975967690088}, {"id": 76, "img_name": "0608.jpg", "width": 234, "height": 175, "position": [0.64405490461684, -2.126346703038991, -1.8195999372804421], "rotation": [[-0.9757808422706489, -0.0506865932792072, -0.21279712667075928], [0.004149215717386159, -0.9768985526044739, 0.2136632910169982], [-0.2187110693735311, 0.2076056048882884, 0.9534492020828663]], "fy": 277.3199381685127, "fx": 208.0975967690088}, {"id": 77, "img_name": "0616.jpg", "width": 234, "height": 175, "position": [0.6128889920135333, -1.6819662440861425, -1.782516950892669], "rotation": [[-0.9759115280203945, 0.017733310837905632, -0.21744474968052235], [-0.025180668020596934, -0.9991856808235619, 0.031526325431165445], [-0.2167086141225939, 0.036242308478923915, 0.9755633611617358]], "fy": 277.3199381685127, "fx": 208.0975967690088}, {"id": 78, "img_name": "0624.jpg", "width": 234, "height": 175, "position": [0.5899937789900436, -1.2599005336138593, -1.73151033657205], "rotation": [[-0.973903098037038, -0.007852114681845242, -0.22682834904147703], [0.012064752866676336, -0.999779422861507, -0.017191490946912743], [-0.22664332633484932, -0.019479474267415642, 0.9737830111016212]], "fy": 277.3199381685127, "fx": 208.0975967690088}, {"id": 79, "img_name": "0632.jpg", "width": 234, "height": 175, "position": [0.5826515120899407, -0.9564130877056358, -1.5560071784987612], "rotation": [[-0.9676599357641819, -0.002732166238715025, -0.25224350137219254], [0.030883818770595404, -0.9937021454464262, -0.10771367542384905], [-0.25036061682102534, -0.11202045082400493, 0.9616501339583864]], "fy": 277.3199381685127, "fx": 208.0975967690088}, {"id": 80, "img_name": "0640.jpg", "width": 234, "height": 175, "position": [0.5965748036145943, -0.5245218694008444, -1.2770522822105568], "rotation": [[-0.9598826656642133, 0.00925390967381771, -0.28024923427747767], [0.04099091076305057, -0.9840872775537541, -0.1728929593466884], [-0.2773896418256806, -0.1774446260459551, 0.9442289930388877]], "fy": 277.3199381685127, "fx": 208.0975967690088}, {"id": 81, "img_name": "0648.jpg", "width": 234, "height": 175, "position": [0.7037552323768531, -0.08027762567662343, -1.0086848142793072], "rotation": [[-0.950533375419298, 0.022637829541960603, -0.30979643459476003], [0.052691159512956824, -0.9711360170139088, -0.23263378552467665], [-0.30612079955987376, -0.23744971074311766, 0.9219043827560608]], "fy": 277.3199381685127, "fx": 208.0975967690088}, {"id": 82, "img_name": "0656.jpg", "width": 234, "height": 175, "position": [0.8355596134542779, 0.174643750774933, -0.7793033606189249], "rotation": [[-0.9461924934359668, 0.04238583452620457, -0.320816468400462], [0.06271117346525516, -0.9485744954953061, -0.3102800915599253], [-0.3174698002771887, -0.3137034706969979, 0.8948760016810259]], "fy": 277.3199381685127, "fx": 208.0975967690088}, {"id": 83, "img_name": "0664.jpg", "width": 234, "height": 175, "position": [0.973898228190501, 0.3802271742574319, -0.6561961237958704], "rotation": [[-0.9455167140669869, 0.052946356615931556, -0.32123951615743973], [0.06817401970889819, -0.9326160883146322, -0.3543720288812939], [-0.3183558487866967, -0.3569648654108867, 0.8781945333498092]], "fy": 277.3199381685127, "fx": 208.0975967690088}, {"id": 84, "img_name": "0672.jpg", "width": 234, "height": 175, "position": [1.0493883508517494, 0.6027186153572749, -0.5742632099588844], "rotation": [[-0.9453105558870792, 0.06831653785691628, -0.3189369899897238], [0.06484783202316753, -0.918934879263134, -0.3890417025918223], [-0.31966030659178774, -0.3884476004931597, 0.8642486621689102]], "fy": 277.3199381685127, "fx": 208.0975967690088}, {"id": 85, "img_name": "0680.jpg", "width": 234, "height": 175, "position": [1.0531614537027383, 0.7257322850113558, -0.5023115550755988], "rotation": [[-0.9456133015436579, 0.0943465009229135, -0.31131049084042395], [0.051103763732530026, -0.902045533230854, -0.4286050178318424], [-0.32125362142094643, -0.42120374374151387, 0.8481647935289819]], "fy": 277.3199381685127, "fx": 208.0975967690088}, {"id": 86, "img_name": "0688.jpg", "width": 234, "height": 175, "position": [1.004024257829802, 0.8365407327816424, -0.4613033056072763], "rotation": [[-0.9512421494939839, 0.11540030125590492, -0.2860439537835233], [0.026133969943205416, -0.8938850640723063, -0.4475338063693686], [-0.3073359540325077, -0.4331884840326371, 0.8472852817442507]], "fy": 277.3199381685127, "fx": 208.0975967690088}, {"id": 87, "img_name": "0696.jpg", "width": 234, "height": 175, "position": [0.8535115831779402, 0.9279434854591295, -0.548393807870671], "rotation": [[-0.9661942850390527, 0.1284845454807493, -0.22351806443882563], [-0.014763777748717443, -0.8931216536830651, -0.44957284458585073], [-0.2573919859367424, -0.4310747421214009, 0.8648259549068283]], "fy": 277.3199381685127, "fx": 208.0975967690088}, {"id": 88, "img_name": "0704.jpg", "width": 234, "height": 175, "position": [0.5962160728508711, 0.9468058125968188, -0.6458937505942414], "rotation": [[-0.9777673872129332, 0.1299655726777698, -0.16455967434742946], [-0.04469652583174376, -0.8959049347790689, -0.4419915931520458], [-0.20487351483626418, -0.4248097194710247, 0.881795636846534]], "fy": 277.3199381685127, "fx": 208.0975967690088}, {"id": 89, "img_name": "0712.jpg", "width": 234, "height": 175, "position": [0.12155831790441991, 0.9195307550046103, -0.7814185001855514], "rotation": [[-0.9891853900703793, 0.11193177972288536, -0.09478154229267753], [-0.06212848579750213, -0.9051493733896495, -0.4205290276602003], [-0.13286201610626236, -0.41009253655777667, 0.9023146879752029]], "fy": 277.3199381685127, "fx": 208.0975967690088}, {"id": 90, "img_name": "0720.jpg", "width": 234, "height": 175, "position": [-0.5171688921274931, 0.8485975256817007, -0.9604696377959737], "rotation": [[-0.9970301089476166, 0.07660213086415328, -0.007942002201872479], [-0.06780768863448938, -0.9220697430214282, -0.3810374080932802], [-0.03651135732825541, -0.3793672396919216, 0.9245255097803307]], "fy": 277.3199381685127, "fx": 208.0975967690088}, {"id": 91, "img_name": "0728.jpg", "width": 234, "height": 175, "position": [-1.0054921619595085, 0.7383713006573652, -1.1243584282419423], "rotation": [[-0.9970234727576657, 0.03631233514861544, 0.06801183048778003], [-0.05868743217985584, -0.9295308585310151, -0.3640441846022657], [0.04999980074339015, -0.3669520368585631, 0.928895162314334]], "fy": 277.3199381685127, "fx": 208.0975967690088}, {"id": 92, "img_name": "0736.jpg", "width": 234, "height": 175, "position": [-1.346512887665451, 0.693149397842245, -1.079425632646085], "rotation": [[-0.9916706311230821, -0.018761237063385665, 0.12742596027418696], [-0.02866929505587028, -0.9323618988927436, -0.3603877925431387], [0.12556843110012436, -0.36103920213318713, 0.9240580412690996]], "fy": 277.3199381685127, "fx": 208.0975967690088}, {"id": 93, "img_name": "0744.jpg", "width": 234, "height": 175, "position": [-1.6397301509165292, 0.5655150389594269, -1.0300339702156922], "rotation": [[-0.9801401846598484, -0.08130170089305898, 0.18087357973693638], [0.011653652719366895, -0.9341321263684833, -0.35673710609437903], [0.19796315514068447, -0.3475445351580016, 0.9165278966232038]], "fy": 277.3199381685127, "fx": 208.0975967690088}, {"id": 94, "img_name": "0752.jpg", "width": 234, "height": 175, "position": [-1.8812974371029594, 0.38583470378238355, -1.1901365928535885], "rotation": [[-0.9545732644160894, -0.15477248048888398, 0.25462788956696997], [0.06267381663889722, -0.9396942464603993, -0.33622420477582543], [0.29131061698799254, -0.30499213506669376, 0.9067071864596281]], "fy": 277.3199381685127, "fx": 208.0975967690088}, {"id": 95, "img_name": "0760.jpg", "width": 234, "height": 175, "position": [-2.2812620838382265, 0.08541872492649998, -1.416740653891785], "rotation": [[-0.9273698403903142, -0.23490578644080143, 0.2912120372358801], [0.14663989676523792, -0.9442670121363625, -0.2947143540239373], [0.3442120274062534, -0.23060590037484927, 0.9101313086039736]], "fy": 277.3199381685127, "fx": 208.0975967690088}, {"id": 96, "img_name": "0768.jpg", "width": 234, "height": 175, "position": [-2.638941133808022, -0.3103725043956361, -1.6416582583406003], "rotation": [[-0.8938015701919254, -0.32186971842792467, 0.3122797423490297], [0.25708169719621093, -0.9383010112240466, -0.23130113121782783], [0.36746122800802217, -0.1264559081065791, 0.9214017306342422]], "fy": 277.3199381685127, "fx": 208.0975967690088}, {"id": 97, "img_name": "0776.jpg", "width": 234, "height": 175, "position": [-2.7348413178078155, -0.7389702663294218, -1.8154517304070752], "rotation": [[-0.8529110273878271, -0.4152617352402997, 0.31638658411104514], [0.3930038172851894, -0.909650832672014, -0.13447439242614204], [0.34364338922713145, 0.009646443091927753, 0.9390506733803903]], "fy": 277.3199381685127, "fx": 208.0975967690088}, {"id": 98, "img_name": "0784.jpg", "width": 234, "height": 175, "position": [-2.65474790154982, -1.3119550648762826, -1.8340897216962047], "rotation": [[-0.7989023866729863, -0.5192886252109057, 0.3034704273809437], [0.5356776722397942, -0.8437536784152655, -0.0336030002300876], [0.273503945185368, 0.13571681504984956, 0.952248149423649]], "fy": 277.3199381685127, "fx": 208.0975967690088}, {"id": 99, "img_name": "0792.jpg", "width": 234, "height": 175, "position": [-2.6822073438736, -2.0112606496341123, -1.9099168808443623], "rotation": [[-0.7289437394195046, -0.6080025339279385, 0.314601245226898], [0.6414303692393404, -0.7671729444704068, 0.0035713708977316377], [0.2391821610793586, 0.20439812134609195, 0.9492172047595829]], "fy": 277.3199381685127, "fx": 208.0975967690088}, {"id": 100, "img_name": "0800.jpg", "width": 234, "height": 175, "position": [-2.785527369051274, -2.30667683945235, -2.0856198096202943], "rotation": [[-0.6637053021665589, -0.6559981798470421, 0.359390678667886], [0.6953756995170326, -0.7181516805379873, -0.026660837602396674], [0.2755864807954001, 0.23221660530167015, 0.932806271325925]], "fy": 277